1
    2
    3
    4
    5
    6
    7
    8
    9
   10
   11
   12
   13
   14
   15
   16
   17
   18
   19
   20

    1    2    6    7   15   16   28   29   45   46   66   67   91   92  120  121  153  154  190  191  230  231  270  271  310  311  350  351  390  391  430  431  470
    3    5    8   14   17   27   30   44   47   65   68   90   93  119  122  152  155  189  192  229  232  269  272  309  312  349  352  389  392  429  432  469  471
    4    9   13   18   26   31   43   48   64   69   89   94  118  123  151  156  188  193  228  233  268  273  308  313  348  353  388  393  428  433  468  472  507
   10   12   19   25   32   42   49   63   70   88   95  117  124  150  157  187  194  227  234  267  274  307  314  347  354  387  394  427  434  467  473  506  508
   11   20   24   33   41   50   62   71   87   96  116  125  149  158  186  195  226  235  266  275  306  315  346  355  386  395  426  435  466  474  505  509  540
   21   23   34   40   51   61   72   86   97  115  126  148  159  185  196  225  236  265  276  305  316  345  356  385  396  425  436  465  475  504  510  539  541
   22   35   39   52   60   73   85   98  114  127  147  160  184  197  224  237  264  277  304  317  344  357  384  397  424  437  464  476  503  511  538  542  569
   36   38   53   59   74   84   99  113  128  146  161  183  198  223  238  263  278  303  318  343  358  383  398  423  438  463  477  502  512  537  543  568  570
   37   54   58   75   83  100  112  129  145  162  182  199  222  239  262  279  302  319  342  359  382  399  422  439  462  478  501  513  536  544  567  571  594
   55   57   76   82  101  111  130  144  163  181  200  221  240  261  280  301  320  341  360  381  400  421  440  461  479  500  514  535  545  566  572  593  595
   56   77   81  102  110  131  143  164  180  201  220  241  260  281  300  321  340  361  380  401  420  441  460  480  499  515  534  546  565  573  592  596  615
   78   80  103  109  132  142  165  179  202  219  242  259  282  299  322  339  362  379  402  419  442  459  481  498  516  533  547  564  574  591  597  614  616
   79  104  108  133  141  166  178  203  218  243  258  283  298  323  338  363  378  403  418  443  458  482  497  517  532  548  563  575  590  598  613  617  632
  105  107  134  140  167  177  204  217  244  257  284  297  324  337  364  377  404  417  444  457  483  496  518  531  549  562  576  589  599  612  618  631  633
  106  135  139  168  176  205  216  245  256  285  296  325  336  365  376  405  416  445  456  484  495  519  530  550  561  577  588  600  611  619  630  634  645
  136  138  169  175  206  215  246  255  286  295  326  335  366  375  406  415  446  455  485  494  520  529  551  560  578  587  601  610  620  629  635  644  646
  137  170  174  207  214  247  254  287  294  327  334  367  374  407  414  447  454  486  493  521  528  552  559  579  586  602  609  621  628  636  643  647  654
  171  173  208  213  248  253  288  293  328  333  368  373  408  413  448  453  487  492  522  527  553  558  580  585  603  608  622  627  637  642  648  653  655
  172  209  212  249  252  289  292  329  332  369  372  409  412  449  452  488  491  523  526  554  557  581  584  604  607  623  626  638  641  649  652  656  659
  210  211  250  251  290  291  330  331  370  371  410  411  450  451  489  490  524  525  555  556  582  583  605  606  624  625  639  640  650  651  657  658  660

    1    2    6    7   15   16   28   29   45   46   66   67   91   92  120  121  153  154  190  191  231  232  276  277  325  326  378  379  435  436  496  497  561  562  630  631  703  704  780  781  861  862  946  947 1035 1036 1128 1129 1225 1226 1325
    3    5    8   14   17   27   30   44   47   65   68   90   93  119  122  152  155  189  192  230  233  275  278  324  327  377  380  434  437  495  498  560  563  629  632  702  705  779  782  860  863  945  948 1034 1037 1127 1130 1224 1227 1324 1326
    4    9   13   18   26   31   43   48   64   69   89   94  118  123  151  156  188  193  229  234  274  279  323  328  376  381  433  438  494  499  559  564  628  633  701  706  778  783  859  864  944  949 1033 1038 1126 1131 1223 1228 1323 1327 1422
   10   12   19   25   32   42   49   63   70   88   95  117  124  150  157  187  194  228  235  273  280  322  329  375  382  432  439  493  500  558  565  627  634  700  707  777  784  858  865  943  950 1032 1039 1125 1132 1222 1229 1322 1328 1421 1423
   11   20   24   33   41   50   62   71   87   96  116  125  149  158  186  195  227  236  272  281  321  330  374  383  431  440  492  501  557  566  626  635  699  708  776  785  857  866  942  951 1031 1040 1124 1133 1221 1230 1321 1329 1420 1424 1515
   21   23   34   40   51   61   72   86   97  115  126  148  159  185  196  226  237  271  282  320  331  373  384  430  441  491  502  556  567  625  636  698  709  775  786  856  867  941  952 1030 1041 1123 1134 1220 1231 1320 1330 1419 1425 1514 1516
   22   35   39   52   60   73   85   98  114  127  147  160  184  197  225  238  270  283  319  332  372  385  429  442  490  503  555  568  624  637  697  710  774  787  855  868  940  953 1029 1042 1122 1135 1219 1232 1319 1331 1418 1426 1513 1517 1604
   36   38   53   59   74   84   99  113  128  146  161  183  198  224  239  269  284  318  333  371  386  428  443  489  504  554  569  623  638  696  711  773  788  854  869  939  954 1028 1043 1121 1136 1218 1233 1318 1332 1417 1427 1512 1518 1603 1605
   37   54   58   75   83  100  112  129  145  162  182  199  223  240  268  285  317  334  370  387  427  444  488  505  553  570  622  639  695  712  772  789  853  870  938  955 1027 1044 1120 1137 1217 1234 1317 1333 1416 1428 1511 1519 1602 1606 1689
   55   57   76   82  101  111  130  144  163  181  200  222  241  267  286  316  335  369  388  426  445  487  506  552  571  621  640  694  713  771  790  852  871  937  956 1026 1045 1119 1138 1216 1235 1316 1334 1415 1429 1510 1520 1601 1607 1688 1690
   56   77   81  102  110  131  143  164  180  201  221  242  266  287  315  336  368  389  425  446  486  507  551  572  620  641  693  714  770  791  851  872  936  957 1025 1046 1118 1139 1215 1236 1315 1335 1414 1430 1509 1521 1600 1608 1687 1691 1770
   78   80  103  109  132  142  165  179  202  220  243  265  288  314  337  367  390  424  447  485  508  550  573  619  642  692  715  769  792  850  873  935  958 1024 1047 1117 1140 1214 1237 1314 1336 1413 1431 1508 1522 1599 1609 1686 1692 1769 1771
   79  104  108  133  141  166  178  203  219  244  264  289  313  338  366  391  423  448  484  509  549  574  618  643  691  716  768  793  849  874  934  959 1023 1048 1116 1141 1213 1238 1313 1337 1412 1432 1507 1523 1598 1610 1685 1693 1768 1772 1847
  105  107  134  140  167  177  204  218  245  263  290  312  339  365  392  422  449  483  510  548  575  617  644  690  717  767  794  848  875  933  960 1022 1049 1115 1142 1212 1239 1312 1338 1411 1433 1506 1524 1597 1611 1684 1694 1767 1773 1846 1848
  106  135  139  168  176  205  217  246  262  291  311  340  364  393  421  450  482  511  547  576  616  645  689  718  766  795  847  876  932  961 1021 1050 1114 1143 1211 1240 1311 1339 1410 1434 1505 1525 1596 1612 1683 1695 1766 1774 1845 1849 1920
  136  138  169  175  206  216  247  261  292  310  341  363  394  420  451  481  512  546  577  615  646  688  719  765  796  846  877  931  962 1020 1051 1113 1144 1210 1241 1310 1340 1409 1435 1504 1526 1595 1613 1682 1696 1765 1775 1844 1850 1919 1921
  137  170  174  207  215  248  260  293  309  342  362  395  419  452  480  513  545  578  614  647  687  720  764  797  845  878  930  963 1019 1052 1112 1145 1209 1242 1309 1341 1408 1436 1503 1527 1594 1614 1681 1697 1764 1776 1843 1851 1918 1922 1989
  171  173  208  214  249  259  294  308  343  361  396  418  453  479  514  544  579  613  648  686  721  763  798  844  879  929  964 1018 1053 1111 1146 1208 1243 1308 1342 1407 1437 1502 1528 1593 1615 1680 1698 1763 1777 1842 1852 1917 1923 1988 1990
  172  209  213  250  258  295  307  344  360  397  417  454  478  515  543  580  612  649  685  722  762  799  843  880  928  965 1017 1054 1110 1147 1207 1244 1307 1343 1406 1438 1501 1529 1592 1616 1679 1699 1762 1778 1841 1853 1916 1924 1987 1991 2054
  210  212  251  257  296  306  345  359  398  416  455  477  516  542  581  611  650  684  723  761  800  842  881  927  966 1016 1055 1109 1148 1206 1245 1306 1344 1405 1439 1500 1530 1591 1617 1678 1700 1761 1779 1840 1854 1915 1925 1986 1992 2053 2055
  211  252  256  297  305  346  358  399  415  456  476  517  541  582  610  651  683  724  760  801  841  882  926  967 1015 1056 1108 1149 1205 1246 1305 1345 1404 1440 1499 1531 1590 1618 1677 1701 1760 1780 1839 1855 1914 1926 1985 1993 2052 2056 2115
  253  255  298  304  347  357  400  414  457  475  518  540  583  609  652  682  725  759  802  840  883  925  968 1014 1057 1107 1150 1204 1247 1304 1346 1403 1441 1498 1532 1589 1619 1676 1702 1759 1781 1838 1856 1913 1927 1984 1994 2051 2057 2114 2116
  254  299  303  348  356  401  413  458  474  519  539  584  608  653  681  726  758  803  839  884  924  969 1013 1058 1106 1151 1203 1248 1303 1347 1402 1442 1497 1533 1588 1620 1675 1703 1758 1782 1837 1857 1912 1928 1983 1995 2050 2058 2113 2117 2172
  300  302  349  355  402  412  459  473  520  538  585  607  654  680  727  757  804  838  885  923  970 1012 1059 1105 1152 1202 1249 1302 1348 1401 1443 1496 1534 1587 1621 1674 1704 1757 1783 1836 1858 1911 1929 1982 1996 2049 2059 2112 2118 2171 2173
  301  350  354  403  411  460  472  521  537  586  606  655  679  728  756  805  837  886  922  971 1011 1060 1104 1153 1201 1250 1301 1349 1400 1444 1495 1535 1586 1622 1673 1705 1756 1784 1835 1859 1910 1930 1981 1997 2048 2060 2111 2119 2170 2174 2225
  351  353  404  410  461  471  522  536  587  605  656  678  729  755  806  836  887  921  972 1010 1061 1103 1154 1200 1251 1300 1350 1399 1445 1494 1536 1585 1623 1672 1706 1755 1785 1834 1860 1909 1931 1980 1998 2047 2061 2110 2120 2169 2175 2224 2226
  352  405  409  462  470  523  535  588  604  657  677  730  754  807  835  888  920  973 1009 1062 1102 1155 1199 1252 1299 1351 1398 1446 1493 1537 1584 1624 1671 1707 1754 1786 1833 1861 1908 1932 1979 1999 2046 2062 2109 2121 2168 2176 2223 2227 2274
  406  408  463  469  524  534  589  603  658  676  731  753  808  834  889  919  974 1008 1063 1101 1156 1198 1253 1298 1352 1397 1447 1492 1538 1583 1625 1670 1708 1753 1787 1832 1862 1907 1933 1978 2000 2045 2063 2108 2122 2167 2177 2222 2228 2273 2275
  407  464  468  525  533  590  602  659  675  732  752  809  833  890  918  975 1007 1064 1100 1157 1197 1254 1297 1353 1396 1448 1491 1539 1582 1626 1669 1709 1752 1788 1831 1863 1906 1934 1977 2001 2044 2064 2107 2123 2166 2178 2221 2229 2272 2276 2319
  465  467  526  532  591  601  660  674  733  751  810  832  891  917  976 1006 1065 1099 1158 1196 1255 1296 1354 1395 1449 1490 1540 1581 1627 1668 1710 1751 1789 1830 1864 1905 1935 1976 2002 2043 2065 2106 2124 2165 2179 2220 2230 2271 2277 2318 2320
  466  527  531  592  600  661  673  734  750  811  831  892  916  977 1005 1066 1098 1159 1195 1256 1295 1355 1394 1450 1489 1541 1580 1628 1667 1711 1750 1790 1829 1865 1904 1936 1975 2003 2042 2066 2105 2125 2164 2180 2219 2231 2270 2278 2317 2321 2360
  528  530  593  599  662  672  735  749  812  830  893  915  978 1004 1067 1097 1160 1194 1257 1294 1356 1393 1451 1488 1542 1579 1629 1666 1712 1749 1791 1828 1866 1903 1937 1974 2004 2041 2067 2104 2126 2163 2181 2218 2232 2269 2279 2316 2322 2359 2361
  529  594  598  663  671  736  748  813  829  894  914  979 1003 1068 1096 1161 1193 1258 1293 1357 1392 1452 1487 1543 1578 1630 1665 1713 1748 1792 1827 1867 1902 1938 1973 2005 2040 2068 2103 2127 2162 2182 2217 2233 2268 2280 2315 2323 2358 2362 2397
  595  597  664  670  737  747  814  828  895  913  980 1002 1069 1095 1162 1192 1259 1292 1358 1391 1453 1486 1544 1577 1631 1664 1714 1747 1793 1826 1868 1901 1939 1972 2006 2039 2069 2102 2128 2161 2183 2216 2234 2267 2281 2314 2324 2357 2363 2396 2398
  596  665  669  738  746  815  827  896  912  981 1001 1070 1094 1163 1191 1260 1291 1359 1390 1454 1485 1545 1576 1632 1663 1715 1746 1794 1825 1869 1900 1940 1971 2007 2038 2070 2101 2129 2160 2184 2215 2235 2266 2282 2313 2325 2356 2364 2395 2399 2430
  666  668  739  745  816  826  897  911  982 1000 1071 1093 1164 1190 1261 1290 1360 1389 1455 1484 1546 1575 1633 1662 1716 1745 1795 1824 1870 1899 1941 1970 2008 2037 2071 2100 2130 2159 2185 2214 2236 2265 2283 2312 2326 2355 2365 2394 2400 2429 2431
  667  740  744  817  825  898  910  983  999 1072 1092 1165 1189 1262 1289 1361 1388 1456 1483 1547 1574 1634 1661 1717 1744 1796 1823 1871 1898 1942 1969 2009 2036 2072 2099 2131 2158 2186 2213 2237 2264 2284 2311 2327 2354 2366 2393 2401 2428 2432 2459
  741  743  818  824  899  909  984  998 1073 1091 1166 1188 1263 1288 1362 1387 1457 1482 1548 1573 1635 1660 1718 1743 1797 1822 1872 1897 1943 1968 2010 2035 2073 2098 2132 2157 2187 2212 2238 2263 2285 2310 2328 2353 2367 2392 2402 2427 2433 2458 2460
  742  819  823  900  908  985  997 1074 1090 1167 1187 1264 1287 1363 1386 1458 1481 1549 1572 1636 1659 1719 1742 1798 1821 1873 1896 1944 1967 2011 2034 2074 2097 2133 2156 2188 2211 2239 2262 2286 2309 2329 2352 2368 2391 2403 2426 2434 2457 2461 2484
  820  822  901  907  986  996 1075 1089 1168 1186 1265 1286 1364 1385 1459 1480 1550 1571 1637 1658 1720 1741 1799 1820 1874 1895 1945 1966 2012 2033 2075 2096 2134 2155 2189 2210 2240 2261 2287 2308 2330 2351 2369 2390 2404 2425 2435 2456 2462 2483 2485
  821  902  906  987  995 1076 1088 1169 1185 1266 1285 1365 1384 1460 1479 1551 1570 1638 1657 1721 1740 1800 1819 1875 1894 1946 1965 2013 2032 2076 2095 2135 2154 2190 2209 2241 2260 2288 2307 2331 2350 2370 2389 2405 2424 2436 2455 2463 2482 2486 2505
  903  905  988  994 1077 1087 1170 1184 1267 1284 1366 1383 1461 1478 1552 1569 1639 1656 1722 1739 1801 1818 1876 1893 1947 1964 2014 2031 2077 2094 2136 2153 2191 2208 2242 2259 2289 2306 2332 2349 2371 2388 2406 2423 2437 2454 2464 2481 2487 2504 2506
  904  989  993 1078 1086 1171 1183 1268 1283 1367 1382 1462 1477 1553 1568 1640 1655 1723 1738 1802 1817 1877 1892 1948 1963 2015 2030 2078 2093 2137 2152 2192 2207 2243 2258 2290 2305 2333 2348 2372 2387 2407 2422 2438 2453 2465 2480 2488 2503 2507 2522
  990  992 1079 1085 1172 1182 1269 1282 1368 1381 1463 1476 1554 1567 1641 1654 1724 1737 1803 1816 1878 1891 1949 1962 2016 2029 2079 2092 2138 2151 2193 2206 2244 2257 2291 2304 2334 2347 2373 2386 2408 2421 2439 2452 2466 2479 2489 2502 2508 2521 2523
  991 1080 1084 1173 1181 1270 1281 1369 1380 1464 1475 1555 1566 1642 1653 1725 1736 1804 1815 1879 1890 1950 1961 2017 2028 2080 2091 2139 2150 2194 2205 2245 2256 2292 2303 2335 2346 2374 2385 2409 2420 2440 2451 2467 2478 2490 2501 2509 2520 2524 2535
 1081 1083 1174 1180 1271 1280 1370 1379 1465 1474 1556 1565 1643 1652 1726 1735 1805 1814 1880 1889 1951 1960 2018 2027 2081 2090 2140 2149 2195 2204 2246 2255 2293 2302 2336 2345 2375 2384 2410 2419 2441 2450 2468 2477 2491 2500 2510 2519 2525 2534 2536
 1082 1175 1179 1272 1279 1371 1378 1466 1473 1557 1564 1644 1651 1727 1734 1806 1813 1881 1888 1952 1959 2019 2026 2082 2089 2141 2148 2196 2203 2247 2254 2294 2301 2337 2344 2376 2383 2411 2418 2442 2449 2469 2476 2492 2499 2511 2518 2526 2533 2537 2544
 1176 1178 1273 1278 1372 1377 1467 1472 1558 1563 1645 1650 1728 1733 1807 1812 1882 1887 1953 1958 2020 2025 2083 2088 2142 2147 2197 2202 2248 2253 2295 2300 2338 2343 2377 2382 2412 2417 2443 2448 2470 2475 2493 2498 2512 2517 2527 2532 2538 2543 2545
 1177 1274 1277 1373 1376 1468 1471 1559 1562 1646 1649 1729 1732 1808 1811 1883 1886 1954 1957 2021 2024 2084 2087 2143 2146 2198 2201 2249 2252 2296 2299 2339 2342 2378 2381 2413 2416 2444 2447 2471 2474 2494 2497 2513 2516 2528 2531 2539 2542 2546 2549
 1275 1276 1374 1375 1469 1470 1560 1561 1647 1648 1730 1731 1809 1810 1884 1885 1955 1956 2022 2023 2085 2086 2144 2145 2199 2200 2250 2251 2297 2298 2340 2341 2379 2380 2414 2415 2445 2446 2472 2473 2495 2496 2514 2515 2529 2530 2540 2541 2547 2548 2550
